%YAML:1.0
---
cameraMat: !!opencv-matrix
   rows: 3
   cols: 3
   dt: d
   data: [ 7.9612890728397201e+02, 0., 2.3950000000000000e+02, 0.,
       7.9612890728397201e+02, 3.1950000000000000e+02, 0., 0., 1. ]
distCoeff: !!opencv-matrix
   rows: 1
   cols: 5
   dt: d
   data: [ -2.2300338788117799e-01, 1.2007897367161338e-01, 0., 0., 0. ]
